100

1264
 840
1692
 781
 761
1219
2004
1979
 533
1358
1688
 176
1162
 427
 595
1612
 686
1957
 190
1692
1670
1824
1816
1927
 595
 831
1499
1214
1062
 710
1132
1195
 540
1420
1800
1499
1798
1759
1145
1900
 285
 650
 950
1960
 866
 909
 357
 733
1597
 885
1269
 360
1260
1773
1859
1562
 888
1918
 703
  33
 552
 463
  52
1492
1160
1683
 328
 307
1164
  86
1263
1243
1749
1742
1575
 832
1003
1789
1842
 538
 650
1007
1620
1076
1594
1970
 586
 434
 817
1031
1470
1216
1239
 481
  16
1741
1216
1824
1359
1061
