1000

  64
  52
  57
  66
  54
  63
  54
  23
  62
  45
  59
  82
  62
  69
  69
  60
  44
  84
  40
  64
  55
  56
  45
  38
  53
  43
  75
  40
  60
  49
  56
  85
  80
  61
  94
  40
  77
  56
  57
  76
  48
  59
  66
  55
  67
  46
  28
  72
  29
  80
  60
  35
  53
  50
  45
  68
  26
  89
  69
  56
  44
  72
  50
  87
  62
  24
  51
  62
  77
  63
  59
  57
  84
  66
  59
  98
  80
  72
  67
  49
  60
  88
  26
  64
  31
  81
  61
  83
  40
  87
  55
  54
  77
  68
  61
  40
  51
  37
  69
  47
  51
  31
  84
  70
  84
  63
  52
  19
  45
  59
  45
  57
  62
  38
  51
  66
  69
  41
  35
  65
  44
  44
  67
  35
  55
  52
  54
  61
  39
  21
  59
  55
  53
  56
  79
  50
  61
  86
  76
  55
  33
  68
  67
  83
  63
  69
  45
  68
  42
  62
  74
  50
  25
  60
  75
  75
  70
  67
  63
  70
  64
  80
  47
  69
  70
  77
  39
  70
  63
  57
  72
  44
  61
  69
  73
  48
  77
  73
  90
  76
  49
  28
  86
  82
  81
  62
  61
  37
  55
  46
  65
  45
  45
  73
  55
  45
  34
  99
  64
  57
  60
  74
  73
  50
  64
  64
  61
  53
  80
  72
  76
  66
  69
  58
  66
  52
  39
  61
  48
  70
  84
  60
  58
  44
  80
  51
  36
  65
  53
  78
  64
  82
  69
  84
  56
  50
  38
  87
  75
  64
  54
  70
  78
  54
  57
  55
  69
  35
  73
  63
  52
  71
  62
  69
  27
  45
  58
  73
  92
  73
  46
  51
  67
  56
  42
  68
  55
  51
  69
  65
  35
  50
  68
  73
  75
  76
  64
  49
  46
  42
  72
  74
  55
  39
  49
  86
  99
  56
  56
  67
  85
  57
  54
  61
  57
  59
  66
  58
  79
  65
  83
  40
  58
  45
  70
  32
  78
  45
  43
  17
  49
  46
  50
  76
  69
  66
  42
  55
  44
  70
  59
  69
  73
  48
  75
  58
  56
  51
  75
  83
  67
  37
  54
  43
  80
  61
  79
  58
  54
  77
  64
  53
  73
  45
  76
  65
  41
  57
  59
  49
  64
  57
  37
  46
  61
  81
  50
  58
  61
  64
  76
  31
  59
  40
  45
  64
  43
  87
  43
  82
  53
  76
  68
  76
  57
  72
  66
  49
  42
  47
  47
  59
  69
  56
  62
  65
  73
  27
  80
  60
  51
  56
  44
  35
  36
  39
  80
  51
  63
  41
  77
  63
  60
  60
  60
  48
  56
  63
  69
  80
  51
  77
  60
  54
  31
  63
  61
  68
  33
  40
  86
  42
  52
  45
  53
  60
  45
  59
  58
  64
  56
  50
  70
  35
  65
  42
  72
  55
  54
  80
  79
  56
  58
  33
  58
  39
  49
  53
  79
  49
  58
  58
  25
  32
  62
  62
  59
  50
  65
  49
  56
  59
  54
  68
  29
  92
  70
  65
  65
  79
  68
  76
  42
  57
  70
  61
  77
  68
  52
  24
  74
  60
  94
  55
  66
  25
  52
  65
  24
  53
  57
  41
  65
  55
  61
  52
  39
  67
  68
  75
  44
  64
  54
  83
  44
  74
  59
  58
  59
  50
  75
  85
  72
  39
  39
  55
  54
  34
  47
  73
  67
  57
  57
  50
  75
  65
  60
  52
  84
  62
  65
  72
  72
  21
  73
  72
  53
  56
  58
  50
  43
  29
  70
  73
  59
  74
  39
  82
  74
  56
  40
  79
  32
  76
  60
  59
  64
  53
  52
  50
  26
  33
  85
  58
  50
  43
  35
  65
  72
  52
  89
  53
  70
  52
  48
  64
  62
  40
  47
  96
  74
  62
  66
  65
  45
  65
  41
  66
  48
  53
  73
  16
  80
  45
  51
  38
  74
  64
  79
  65
  99
  68
  83
  74
  63
  43
  52
  25
  48
  61
  58
  82
  67
  76
  64
  64
  29
  45
  57
  62
  68
  41
  69
  67
  50
  78
  53
  63
  63
  75
  52
  55
  47
  65
  40
  54
  78
  50
  79
  90
  95
  56
  61
  71
  62
  63
  85
  70
  69
  56
  50
  56
  40
  58
  75
  54
  70
  46
  77
  57
  48
  85
  46
  38
  67
  54
  59
  59
  52
  86
  70
  52
  79
  50
  68
  56
  54
  47
  75
  53
  75
  68
  52
  62
  76
  48
  68
  72
  73
  58
  68
  60
  68
  27
  39
  66
  57
  56
  49
  47
  41
  71
  44
  89
  74
  57
  49
  70
  61
  76
  59
  79
  33
  62
  70
  84
  38
  60
  79
  33
  69
  62
  52
  20
  80
  55
  71
  52
  61
  89
  91
  78
  56
  64
  89
  59
  61
  77
  68
  59
  67
  36
  44
  75
  65
  58
  53
  71
  73
  56
  51
  57
  83
  77
  80
  69
  50
  47
  48
  75
  86
  56
  45
  42
  69
  43
  62
  39
  66
  44
  60
  83
  52
  73
  62
  94
  77
  49
  68
  74
  62
  44
  53
  64
  61
  64
  59
  72
  61
  49
  66
  48
  48
  34
  50
  44
  56
  45
  59
  49
  60
  65
  51
  86
  67
  52
  38
  44
  75
  69
  69
  65
  48
  67
  39
  79
  57
  65
  37
  40
  61
  63
  73
  45
  54
  58
  66
  61
  53
  85
  69
  62
  42
  37
  64
  46
  78
  50
  60
  59
  60
  58
  53
  40
  62
  44
  95
  46
  57
  61
  69
  80
  63
  60
  65
  81
  80
  48
  83
  64
  62
  73
  87
  66
  59
  78
  56
  54
  65
  63
  28
  37
  72
  65
  55
  72
  49
  60
  57
  62
  73
  46
  64
  48
  23
  61
  44
  41
  51
  69
  52
  36
  51
  49
  42
  71
  51
  52
  62
  53
  44
  59
  40
  59
  81
  58
  36
  32
  49
  74
  88
  78
  62
  89
  63
  58
  69
  44
  63
  52
  39
  52
  56
  27
  62
  62
  37
  55
  44
  82
  72
  77
  79
  47
  39
  53
  72
  74
  70
  66
  49
  63
  71
  64
  64
  45
  65
  54
  69
  55
  67
  66
  54
  65
  81
  77
  34
  71
  55
  64
  58
  55
  87
  73
  59
  64
  39
  78
  48
  34
  64
  80
  81
  56
  67
  43
  66
  53
  47
  81
  52
  47
  69
  73
  81
  62
  58
  46
  77
  68
  54
  80
  85
  58
  71
  71
  46
  40
  56
  76
