1000

  13
  26
  39
  33
  46
  17
  27
  27
  37
  48
  17
  22
  29
  42
  22
  26
  27
  14
  40
  35
  28
  35
  15
  60
  24
  45
  45
  24
   0
  49
  37
  26
  35
  34
  23
  34
  32
   6
  18
  19
  60
  23
  12
  20
  42
  28
  51
  43
  52
  36
  60
  20
  40
  28
  13
   0
  24
  47
  36
  26
  30
  52
  31
  20
  42
  26
  18
  35
   4
  21
  42
  40
  32
  33
  25
  42
  36
  39
  52
  34
  40
  27
  24
  21
  29
   3
  21
  18
  17
  57
   4
  33
  21
   7
  26
  38
  51
  34
  42
  28
  16
  12
  22
  22
  37
  43
  24
  32
  19
  36
  25
  66
  66
  12
  29
  31
   0
  44
  47
  41
  20
  43
  14
  11
  16
  29
  19
  22
  32
  16
  30
  32
  20
   0
  23
   2
  44
  40
  21
  32
  26
  26
  18
  31
  23
  42
  49
  42
  43
  30
  37
  23
  36
  19
  17
  26
  68
  31
  57
  59
  37
  19
  17
  16
   3
  40
  30
  39
  23
  11
  42
  31
  30
  23
  35
  22
  26
  35
  36
   0
  66
  25
  35
  30
  74
  21
  26
  22
  45
  25
  42
  28
  43
   1
  34
  30
  36
  25
   0
  54
  55
  16
  52
  34
  49
  21
  30
  31
  44
  23
  27
  10
  28
  36
  35
  36
  21
  27
  24
  44
  29
  52
  41
  32
   9
  24
   9
  44
  43
  46
   0
  46
  22
  47
  45
  53
  30
  27
  23
  24
  11
  29
  20
  45
  64
  18
  40
  52
  35
  53
  44
  21
  47
  22
  42
  32
  59
  33
  23
   6
  35
  14
  32
  42
  54
  50
  43
  14
  33
  41
  28
  37
  34
  18
   8
  61
  18
  18
  32
  47
  18
  31
  14
  49
  26
  24
  51
  27
  31
  35
  44
  17
  14
  28
  62
   3
  35
  52
  31
  27
  43
  31
  21
  15
   1
   1
  24
  12
  34
  24
  18
  25
  15
  12
  23
  27
  41
  34
  39
  42
  51
   5
  47
  29
   2
  29
  51
  43
  27
  30
  12
  16
  45
  30
  28
  17
  47
  17
  33
  66
  20
   9
  29
  33
  20
  16
  10
  26
  23
  26
  24
  23
  18
  29
   9
  30
  21
  31
  14
  46
  47
  39
  27
  14
  38
  33
  23
  51
  40
  10
  32
  19
  51
  52
   9
  39
  34
  30
  38
  24
  34
  33
  49
  14
  19
  31
  24
  48
   4
   9
   0
  20
  18
  33
  29
  36
  54
  33
  31
  49
  38
  39
  58
  18
  23
  35
  43
  69
  10
  11
  35
  50
  36
  19
  26
  27
  49
  28
  13
  41
  11
  20
  11
  31
  31
   6
  26
  20
  19
  16
  28
  43
  24
  28
   8
   9
   0
   2
  35
   7
  12
  35
  30
  37
  36
  60
  54
  21
  35
  21
  28
  37
  46
   9
  50
   7
  45
  21
  44
  32
  56
  10
  14
  38
  28
  56
  17
  21
  51
  39
  11
  63
  44
  43
  22
  36
  19
  25
  26
  38
  42
  39
  42
  19
  26
  50
  47
  37
   7
  15
  41
  20
  12
  13
  40
  35
  18
  34
  25
  24
  61
  49
  14
  31
  51
  30
  50
  16
  47
  38
  69
  47
  46
  16
  28
  15
  43
  38
  44
  11
   1
  34
  29
  42
  14
  39
  22
  37
  23
  30
  45
  11
  24
  15
  24
  20
  39
  11
  46
  46
  31
  44
  26
  34
  24
  21
   0
  31
  24
  16
  37
  41
  19
   0
  39
  17
  23
  34
  14
  48
  60
  28
  43
  47
  40
  51
   2
  20
  84
  33
  42
  25
  17
  38
  36
  49
  18
  21
  18
  28
  23
  31
  59
  51
  39
  23
  33
   8
  28
  47
  18
  32
  40
  39
  41
  45
  44
  38
  37
   0
  18
  59
   0
  35
  48
  27
  34
  13
  19
  18
  38
  60
  28
  24
  24
  21
  53
   0
  27
  45
  28
  44
  27
  39
  20
  16
  39
  36
  49
  50
  26
  34
  28
  18
  14
  30
  31
  44
  65
  29
  16
  25
  33
   9
  45
  14
  39
  21
  30
  23
  37
  38
  18
  21
  42
  32
  36
  38
  44
  30
  15
  37
  25
  28
  15
  39
   7
  33
  32
  20
  35
  36
  50
   6
   1
  21
   9
  38
  35
  45
  21
  38
  23
  51
  12
  36
  35
  29
  18
  35
  33
  33
  16
  35
  23
  28
  19
  35
  49
  37
   7
   2
  46
  34
  26
  32
  23
  35
  54
  30
  31
  39
  22
  55
  13
  11
  46
  46
  25
  36
  67
  33
  25
   8
  22
  32
  38
  39
  23
  59
  18
  25
  38
  42
  41
  42
   8
  38
  30
  72
  26
  42
  55
  40
  41
  30
  13
  11
  11
  23
  31
  12
  39
  25
  25
  19
  24
  37
  24
  44
  43
  15
  23
  39
  36
   8
  35
  12
  21
  33
  22
  30
  13
  54
  43
  52
  17
  20
  47
  18
  59
  43
   6
  35
  22
  42
  13
  23
  29
  20
  34
  42
  30
  10
  41
  39
  28
  85
  27
  42
  23
  29
   9
  18
   6
  30
  48
  19
  26
  40
  27
   6
  51
  40
  17
  19
  19
  26
  36
  39
  24
  18
  27
   6
  31
  17
  11
  27
  41
  18
  18
  38
  21
  21
  58
  20
  34
  51
  11
  37
  15
  15
  24
  27
  23
   7
  40
   5
  28
  11
  38
  43
  22
   8
  40
  25
  56
  38
  49
  44
  57
  17
  22
  53
  29
  24
  24
  20
  51
  37
  22
  27
  36
  48
  37
  32
  15
  46
  23
  43
  15
  30
  24
  44
  19
  46
  43
  37
  57
  17
  16
  29
  32
  40
  51
  21
  21
  26
  34
  29
 100
  81
  71
  97
  79
  71
  65
  70
  73
  69
  66
  64
  71
  72
  80
  81
  71
  71
  92
  70
  68
  73
  62
  57
  68
  65
  70
  67
  81
  65
  55
  57
  66
  76
  83
  71
  68
  76
  67
  71
  79
  61
  62
  79
  65
  76
  61
  75
  79
  68
  56
  52
  89
  89
  86
  65
  80
  65
  65
  71
  79
  69
  67
  77
  75
  77
  72
  73
  75
  64
  66
  69
  57
 100
  84
  83
  70
  72
  66
  77
  55
  74
  69
  90
  74
  58
  63
  73
  82
  84
  91
  63
  67
  56
  88
  96
  81
  71
  82
  76
