20

1.000000000000000e+00
9.510565162951535e-01
8.090169943749475e-01
5.877852522924730e-01
3.090169943749475e-01
6.123031769111886e-17
-3.090169943749476e-01
-5.877852522924730e-01
-8.090169943749473e-01
-9.510565162951535e-01
-1.000000000000000e+00
-9.510565162951535e-01
-8.090169943749472e-01
-5.877852522924732e-01
-3.090169943749476e-01
-1.836909530733566e-16
3.090169943749472e-01
5.877852522924737e-01
8.090169943749473e-01
9.510565162951535e-01

0.000000000000000e+00
3.090169943749474e-01
5.877852522924731e-01
8.090169943749475e-01
9.510565162951535e-01
1.000000000000000e+00
9.510565162951535e-01
8.090169943749475e-01
5.877852522924732e-01
3.090169943749475e-01
1.224606353822377e-16
-3.090169943749477e-01
-5.877852522924734e-01
-8.090169943749473e-01
-9.510565162951535e-01
-1.000000000000000e+00
-9.510565162951536e-01
-8.090169943749470e-01
-5.877852522924734e-01
-3.090169943749476e-01
